0 0.070957 0.545181 0.036304 0.728916
0 0.125413 0.557229 0.039604 0.716867
0 0.169967 0.557229 0.036304 0.716867
0 0.219472 0.548193 0.036304 0.722892
0 0.275578 0.545181 0.042904 0.728916
0 0.396040 0.560241 0.046205 0.698795
0 0.450495 0.563253 0.036304 0.680723
0 0.495050 0.557229 0.033003 0.692771
0 0.537954 0.560241 0.033003 0.686747
0 0.587459 0.560241 0.046205 0.698795
0 0.707921 0.557229 0.036304 0.680723
0 0.755776 0.563253 0.033003 0.692771
0 0.808581 0.551205 0.039604 0.680723
0 0.856436 0.560241 0.036304 0.698795
0 0.909241 0.569277 0.042904 0.704819
