0 0.064356 0.542169 0.062706 0.746988
0 0.127063 0.533133 0.042904 0.777108
0 0.178218 0.518072 0.046205 0.819277
0 0.227723 0.521084 0.039604 0.861446
0 0.282178 0.539157 0.049505 0.789157
0 0.392739 0.557229 0.046205 0.728916
0 0.704620 0.557229 0.049505 0.765060
0 0.760726 0.554217 0.049505 0.783133
0 0.815182 0.569277 0.046205 0.753012
0 0.863036 0.569277 0.029703 0.789157
0 0.917492 0.578313 0.066007 0.698795
0 0.448845 0.542169 0.046205 0.819277
0 0.498350 0.533133 0.039604 0.777108
0 0.541254 0.536145 0.033003 0.807229
0 0.589109 0.569277 0.042904 0.728916
