0 0.033217 0.451705 0.059441 0.778409
0 0.090909 0.480114 0.041958 0.755682
0 0.143357 0.448864 0.041958 0.784091
0 0.192308 0.426136 0.034965 0.784091
0 0.237762 0.431818 0.027972 0.806818
0 0.286713 0.477273 0.027972 0.784091
0 0.321678 0.514205 0.027972 0.869318
0 0.365385 0.508523 0.031469 0.857955
0 0.409091 0.491477 0.034965 0.823864
0 0.456294 0.528409 0.045455 0.795455
0 0.498252 0.426136 0.038462 0.772727
0 0.543706 0.471591 0.038462 0.806818
0 0.594406 0.517045 0.041958 0.818182
0 0.636364 0.468750 0.034965 0.744318
0 0.671329 0.403409 0.041958 0.761364
0 0.720280 0.400568 0.041958 0.789773
0 0.961538 0.610795 0.062937 0.778409
