0 0.053633 0.589080 0.065744 0.810345
0 0.122837 0.543103 0.044983 0.821839
0 0.192042 0.571839 0.058824 0.856322
0 0.252595 0.557471 0.048443 0.804598
0 0.325260 0.563218 0.062284 0.781609
0 0.389273 0.563218 0.051903 0.804598
0 0.453287 0.560345 0.055363 0.810345
0 0.522491 0.543103 0.055363 0.787356
0 0.589965 0.551724 0.051903 0.781609
0 0.653979 0.580460 0.062284 0.827586
0 0.717993 0.566092 0.044983 0.764368
0 0.783737 0.594828 0.058824 0.764368
0 0.846021 0.591954 0.051903 0.758621
0 0.908304 0.574713 0.051903 0.781609
0 0.972318 0.537356 0.055363 0.729885
