0 0.136150 0.273305 0.075117 0.461864
0 0.213615 0.264831 0.061033 0.470339
0 0.293427 0.275424 0.061033 0.474576
0 0.363850 0.273305 0.051643 0.470339
0 0.434272 0.273305 0.051643 0.470339
0 0.509390 0.279661 0.061033 0.474576
0 0.589202 0.277542 0.061033 0.461864
0 0.659624 0.281780 0.051643 0.478814
0 0.732394 0.277542 0.065728 0.470339
0 0.812207 0.273305 0.075117 0.478814
0 0.136150 0.769068 0.075117 0.444915
0 0.213615 0.766949 0.051643 0.440678
0 0.286385 0.769068 0.065728 0.436441
0 0.361502 0.764831 0.056338 0.427966
0 0.431925 0.769068 0.056338 0.461864
0 0.509390 0.773305 0.061033 0.453390
0 0.584507 0.773305 0.061033 0.444915
0 0.659624 0.766949 0.061033 0.432203
0 0.732394 0.769068 0.065728 0.444915
0 0.812207 0.769068 0.075117 0.453390
