0 0.034749 0.466495 0.061776 0.634021
0 0.100386 0.577320 0.054054 0.597938
0 0.154440 0.461340 0.054054 0.572165
0 0.222008 0.569588 0.050193 0.644330
0 0.283784 0.456186 0.057915 0.623711
0 0.339768 0.579897 0.046332 0.592784
0 0.397683 0.451031 0.061776 0.582474
0 0.480695 0.585052 0.065637 0.654639
0 0.557915 0.474227 0.057915 0.680412
0 0.637066 0.577320 0.061776 0.525773
0 0.696911 0.438144 0.073359 0.680412
0 0.770270 0.585052 0.042471 0.582474
0 0.828185 0.494845 0.050193 0.567010
0 0.891892 0.567010 0.054054 0.577320
0 0.955598 0.479381 0.057915 0.608247
