0 0.040385 0.546392 0.065385 0.876289
0 0.105769 0.533505 0.050000 0.891753
0 0.161538 0.515464 0.046154 0.927835
0 0.225000 0.569588 0.065385 0.850515
0 0.286538 0.505155 0.050000 0.979381
0 0.359615 0.543814 0.057692 0.912371
0 0.426923 0.500000 0.061538 0.989691
0 0.496154 0.546392 0.061538 0.907216
0 0.561538 0.505155 0.046154 0.989691
0 0.613462 0.608247 0.057692 0.783505
0 0.675000 0.538660 0.042308 0.912371
0 0.740385 0.564433 0.057692 0.871134
0 0.817308 0.564433 0.065385 0.871134
0 0.886538 0.559278 0.057692 0.881443
